0 0.40625 0.3161057692307692 0.042067307692307696 0.0829326923076923
0 0.8617788461538461 0.3798076923076923 0.051682692307692304 0.07932692307692307
0 0.5528846153846154 0.3870192307692308 0.03365384615384615 0.0673076923076923
0 0.1622596153846154 0.4483173076923077 0.030048076923076924 0.054086538461538464
0 0.06009615384615385 0.46274038461538464 0.018028846153846152 0.046875
0 0.2932692307692308 0.48677884615384615 0.021634615384615384 0.040865384615384616
2 0.05889423076923077 0.6262019230769231 0.04567307692307692 0.15144230769230768
2 0.2848557692307692 0.6298076923076923 0.05889423076923077 0.15264423076923078
2 0.17307692307692307 0.6394230769230769 0.08052884615384616 0.21754807692307693
2 0.546875 0.6454326923076923 0.125 0.2692307692307692
2 0.8689903846153846 0.6502403846153846 0.18028846153846154 0.29086538461538464
2 0.3942307692307692 0.6550480769230769 0.140625 0.3485576923076923